{
    "TourSize": 30,	

	"DistanceMatrix": [[0, 90, 553, 2053, 376, 1833, 896, 855, 383, 1037, 2054, 1073, 1020, 394, 96, 563, 1475, 1151, 795, 2163, 794, 2113, 437, 2164, 490, 802, 1987, 333, 1292, 887], 
	[90, 0, 468, 2021, 304, 1761, 810, 772, 288, 1006, 2022, 988, 991, 305, 11, 519, 1386, 1089, 710, 2134, 708, 2084, 351, 2135, 526, 713, 2059, 405, 1202, 801], 
	[553, 468, 0, 2428, 602, 2059, 391, 311, 285, 1442, 2429, 570, 1240, 289, 457, 834, 1174, 1337, 249, 2572, 248, 2411, 133, 2573, 316, 693, 2532, 878, 1049, 382], 
	[2053, 2021, 2428, 0, 1827, 377, 2797, 2714, 2281, 1020, 31, 2975, 1403, 2176, 2012, 1570, 2715, 1557, 2655, 410, 2654, 94, 2376, 394, 2512, 2170, 1163, 1920, 2533, 2795], 
	[376, 304, 602, 1827, 0, 1458, 972, 892, 528, 849, 1828, 1189, 645, 358, 295, 241, 1214, 776, 837, 2049, 836, 1888, 558, 2050, 769, 541, 2084, 560, 1031, 961], 
	[1833, 1761, 2059, 377, 1458, 0, 2427, 2345, 1983, 866, 375, 2644, 1047, 1813, 1750, 1207, 2360, 1177, 2302, 753, 2291, 355, 2013, 737, 2241, 1849, 1426, 1642, 2177, 2418], 
	[896, 810, 391, 2797, 972, 2427, 0, 117, 628, 1789, 2805, 203, 1584, 658, 800, 1203, 1298, 1649, 241, 2915, 205, 2780, 476, 2916, 503, 900, 2874, 1221, 1172, 10], 
	[855, 772, 311, 2714, 892, 2345, 117, 0, 588, 1749, 2717, 308, 1477, 577, 759, 1122, 1191, 1542, 134, 2876, 98, 2700, 436, 2877, 509, 779, 2836, 1182, 1058, 108], 
	[383, 288, 285, 2281, 528, 1983, 628, 588, 0, 1266, 2282, 716, 1202, 263, 278, 761, 1383, 1300, 528, 2392, 526, 2342, 169, 2393, 242, 710, 2352, 698, 1200, 619], 
	[1037, 1006, 1442, 1020, 849, 866, 1789, 1749, 1266, 0, 1020, 1967, 784, 1192, 1005, 608, 2061, 1031, 1677, 1255, 1676, 1080, 1331, 1256, 1504, 1388, 1328, 912, 1880, 1780], 
	[2054, 2022, 2429, 31, 1828, 375, 2805, 2717, 2282, 1020, 0, 2983, 1422, 2184, 2020, 1626, 2735, 1552, 2673, 380, 2661, 123, 2346, 365, 2520, 2178, 1134, 1928, 2550, 2796], 
	[1073, 988, 570, 2975, 1189, 2644, 203, 308, 716, 1967, 2983, 0, 1782, 880, 977, 1421, 1496, 1846, 439, 3092, 403, 2998, 637, 3093, 546, 1083, 3051, 1398, 1362, 203], 
	[1020, 991, 1240, 1403, 645, 1047, 1584, 1477, 1202, 784, 1422, 1782, 0, 949, 980, 559, 1329, 257, 1431, 1719, 1382, 1342, 1197, 1704, 1443, 802, 2095, 950, 1142, 1575], 
	[394, 305, 289, 2176, 358, 1813, 658, 577, 263, 1192, 2184, 880, 949, 0, 291, 583, 1121, 1048, 524, 2380, 523, 2167, 249, 2381, 504, 449, 2363, 709, 939, 649], 
	[96, 11, 457, 2012, 295, 1750, 800, 759, 278, 1005, 2020, 977, 980, 291, 0, 514, 1373, 1078, 699, 2133, 698, 2092, 340, 2142, 515, 700, 2066, 413, 1191, 790], 
	[563, 519, 834, 1570, 241, 1207, 1203, 1122, 761, 608, 1626, 1421, 559, 583, 514, 0, 1453, 741, 1070, 1809, 1068, 1562, 791, 1810, 1002, 780, 1876, 439, 1272, 1194], 
	[1475, 1386, 1174, 2715, 1214, 2360, 1298, 1191, 1383, 2061, 2735, 1496, 1329, 1121, 1373, 1453, 0, 1185, 1051, 3110, 1088, 2652, 1241, 3094, 1483, 726, 3297, 1791, 265, 1294], 
	[1151, 1089, 1337, 1557, 776, 1177, 1649, 1542, 1300, 1031, 1552, 1846, 257, 1048, 1078, 741, 1185, 0, 1413, 1926, 1446, 1468, 1295, 1910, 1540, 800, 2314, 1179, 1002, 1639], 
	[795, 710, 249, 2655, 837, 2302, 241, 134, 528, 1677, 2673, 439, 1431, 524, 699, 1070, 1051, 1413, 0, 2813, 38, 2689, 373, 2814, 481, 638, 2772, 1119, 925, 238], 
	[2163, 2134, 2572, 410, 2049, 753, 2915, 2876, 2392, 1255, 380, 3092, 1719, 2380, 2133, 1809, 3110, 1926, 2813, 0, 2913, 500, 2456, 15, 2629, 2473, 805, 1961, 2927, 2905], 
	[794, 708, 248, 2654, 836, 2291, 205, 98, 526, 1676, 2661, 403, 1382, 523, 698, 1068, 1088, 1446, 38, 2913, 0, 2647, 373, 2813, 458, 681, 2772, 1120, 963, 201], 
	[2113, 2084, 2411, 94, 1888, 355, 2780, 2700, 2342, 1080, 123, 2998, 1342, 2167, 2092, 1562, 2652, 1468, 2689, 500, 2647, 0, 2365, 493, 2580, 2143, 1263, 1988, 2470, 2788], 
	[437, 351, 133, 2376, 558, 2013, 476, 436, 169, 1331, 2346, 637, 1197, 249, 340, 791, 1241, 1295, 373, 2456, 373, 2365, 0, 2456, 409, 697, 2414, 761, 1115, 465], 
	[2164, 2135, 2573, 394, 2050, 737, 2916, 2877, 2393, 1256, 365, 3093, 1704, 2381, 2142, 1810, 3094, 1910, 2814, 15, 2813, 493, 2456, 0, 2631, 2459, 807, 1963, 2912, 2906], 
	[490, 526, 316, 2512, 769, 2241, 503, 509, 242, 1504, 2520, 546, 1443, 504, 515, 1002, 1483, 1540, 481, 2629, 458, 2580, 409, 2631, 0, 951, 2477, 824, 1358, 494], 
	[802, 713, 693, 2170, 541, 1849, 900, 779, 710, 1388, 2178, 1083, 802, 449, 700, 780, 726, 800, 638, 2473, 681, 2143, 697, 2459, 951, 0, 2625, 1118, 492, 890], 
	[1987, 2059, 2532, 1163, 2084, 1426, 2874, 2836, 2352, 1328, 1134, 3051, 2095, 2363, 2066, 1876, 3297, 2314, 2772, 805, 2772, 1263, 2414, 807, 2477, 2625, 0, 1656, 3114, 2865], 
	[333, 405, 878, 1920, 560, 1642, 1221, 1182, 698, 912, 1928, 1398, 950, 709, 413, 439, 1791, 1179, 1119, 1961, 1120, 1988, 761, 1963, 824, 1118, 1656, 0, 1609, 1211],
	[1292, 1202, 1049, 2533, 1031, 2177, 1172, 1058, 1200, 1880, 2550, 1362, 1142, 939, 1191, 1272, 265, 1002, 925, 2927, 963, 2470, 1115, 2912, 1358, 492, 3114, 1609, 0, 1169], 
	[887, 801, 382, 2795, 961, 2418, 10, 108, 619, 1780, 2796, 203, 1575, 649, 790, 1194, 1294, 1639, 238, 2905, 201, 2788, 465, 2906, 494, 890, 2865, 1211, 1169, 0]],
	
	"Coordinates": [[2983378, 2035226],[3013278, 2015226],[3783425, 1768272],[407882, 1278018],[2936958, 1505416],[957882, 1103018],[4241943, 1933134],
	[4191528, 1869172],[3502632, 1986877], [1682233, 1698386], [377882, 1302018],[4471626, 2183336],[2312869, 896590],[3450412, 1769236],[3016278, 2000226],
	[2563669, 1583182],[3896693, 140534],[2493869, 546590],[4053655, 1734731],[189667, 1759807],[4090655, 1776731],[489882, 1143018],[3708425, 1849272],
	[203667, 1764807],[3795632, 2130877],[3504693, 1047534],[484432, 2844743],[2678899, 2231031],[3729291, 404464],[4241943, 1933134]],
	
	"Teams": ["Brewers", "Cubs", "Pirates", "Angels", "Cardinals", "Diamondbacks", "Mets", "Phillies", "Tigers", "Rockies", "Dodgers", "Red Sox", "Rangers",
	"Reds", "White Sox", "Royals", "Marlins", "Astros", "Nationals", "Giants", "Orioles", "Padres", "Indians", "Athletics", "Blue Jays", "Braves", "Mariners", 
	"Twins", "Rays", "Yankees"],
	
	"Stadiums": ["Miller Park","Wrigley Field", "PNC Park", "Angel Stadium", "Busch Stadium", "Chase Field", "Citi Field", "Citizens Bank Park", "Comerica Park", "Coors Field", 
	"Dodger Stadium", "Fenway Park", "Globe Life Park", "Great American Ballpark", "Guaranteed Rate Field", "Kauffman Stadium", "Marlins Park", "Minute Maid Park", "Nationals Park", 
	"Oracle Park", "Camden Yards", "Petco Park", "Progressive Field", "RingCentral Coliseum", "Rogers Centre", "SunTrust Park", "T-Mobile Park", "Target Field", "Tropicana Field", 
	"Yankee Stadium"]
	

}

